X,Y,Z
592584.6911803315,6232451.661611126,63.17849969026473
595782.6914972715,6232905.846902938,654.1043323707098
592331.5031094517,6232495.499233737,167.11652778573742
595780.0306659162,6232927.494415289,642.4986868616153
595773.6012530172,6232979.245263661,615.8418746107665
595765.064548429,6233047.189232839,582.6199817058591
596416.2982347788,6233173.401972871,488.5384859806173
596416.0724802924,6233174.8460439565,488.5077333445471
594408.2292530492,6232958.312925811,258.1675047474709
594406.0119186238,6232977.40870753,258.47737669391233
594402.810309997,6233004.28566123,260.8111955434267
595497.7009387738,6233164.79428195,646.9802494545207
595745.4224476526,6233207.081224218,512.5525370163831
594399.4603435384,6233032.597677538,261.70214144699776
595494.058957412,6233194.219727622,648.4926323194236
594395.7460075354,6233063.136434231,255.19247044245583
595491.5566173485,6233214.651894881,635.7066681159799
594394.3760650854,6233074.4627394015,254.1304526468428
595486.1736478257,6233258.398204343,642.5573354291513
595483.5322160819,6233279.721476263,636.715945467191
591183.2661953485,6232748.076413419,583.8447805434843
595481.496134722,6233296.0429264875,632.9411505308384
595478.5445279106,6233319.580959537,628.9343687811033
591178.5504329815,6232786.272112778,580.9206034913703
595476.4285029471,6233336.672203199,625.3053762745202
593179.9865593857,6233048.026141465,234.28462242521024
591177.0359879489,6232799.04441683,586.9850714645407
595474.4474809398,6233353.117876658,618.7901374846788
591174.4732209393,6232820.261780589,588.2408595592482
595471.6646822949,6233375.206845966,608.2129374658577
595722.204647848,6233399.297433051,448.97269439153285
595469.7606378864,6233390.868185026,603.6428539157328
591167.912642085,6232874.784490528,600.6682712372692
595466.5683064185,6233417.177603231,584.5120639800424
591167.8320485178,6232875.453237461,601.3626850150761
595464.5299091284,6233433.383689349,581.8373218921878
591164.4427728629,6232903.660802121,609.0232617896818
595462.3867099818,6233451.602382921,584.2868847292617
591160.8509620725,6232932.534254694,609.5714561702115
595460.9472463068,6233463.487044274,584.5827726327232
591160.399053161,6232936.085553004,609.5358083192763
595458.7238125207,6233482.363200604,585.3045386233068
591155.8389195336,6232972.622910498,609.083254177631
595454.469055187,6233517.342674967,585.7181587561008
591153.6728158073,6232990.163061818,606.8137133570983
595452.9500161067,6233529.890834452,584.7153179485992
591152.992087919,6232995.82824009,606.9611057129382
596355.735745249,6233661.614158162,438.79773057916765
591149.8453333263,6233021.029560679,607.5297935187184
595447.8654976876,6233571.30064688,586.2544314615484
596353.9905678142,6233675.829407414,438.7341041411048
591147.645530532,6233040.025432317,613.5730026641598
591144.7126081833,6233064.020651424,613.0267721834804
595442.9820175122,6233609.718353193,579.5368945988748
591141.9201683315,6233087.22334308,612.5434773113499
595439.5248611892,6233636.801704248,572.455994285989
591139.7129489753,6233106.327972074,620.5950406413995
595437.0289003238,6233656.685870318,568.2301459367715
591138.5865695153,6233115.437521551,621.2597342866587
595434.6949180176,6233675.228687076,564.518676398674
591135.5660925535,6233140.97188516,621.8966519716153
595432.2806221345,6233694.433772964,559.5573932588698
591132.819713273,6233165.081643079,636.5297060453204
595430.473997,6233708.646723479,559.3501680398397
591129.5151840195,6233192.056738131,637.2578751404208
595427.134078227,6233736.070765746,561.4620852034134
591127.6352087975,6233207.836390971,636.7356159118998
594330.9967706945,6233594.037548116,403.66998278887615
595426.5902909789,6233741.0692679,559.5315239702841
591124.8370203383,6233231.269872846,644.5908472873762
594324.745228677,6233643.882669143,394.71884645891004
591120.3790840472,6233268.802706427,658.2953322829095
594323.9883372851,6233650.217223407,393.79249926134787
592220.4450236988,6233422.341953676,608.3156715137412
595418.5753238478,6233808.362857575,550.9047763145003
591119.9136542921,6233273.021784,659.208492458365
594320.3595606082,6233679.747889802,394.42034983539327
595415.4515050407,6233834.353678072,545.6428873662514
595665.7978944045,6233857.661228475,411.6849795130621
591117.13460641,6233295.677928631,665.2262495736339
594317.6352066634,6233702.178632473,391.72521256445486
595663.8360701284,6233873.200036666,410.0363022617394
591115.0372152207,6233312.5602637585,665.5756475956417
594315.9618776735,6233716.176393463,389.186520185948
592213.6251690609,6233482.430059557,672.3895015757282
595411.2725251891,6233868.768002353,547.1351850515991
595659.701726427,6233905.615753996,408.53572275656626
592459.9126454645,6233500.001752166,619.3017153892262
591111.3783357427,6233341.978197625,667.360327472573
594314.5891835517,6233727.496542606,388.7912292116489
592212.2701790205,6233493.645778565,676.153691680636
595657.3683388645,6233923.9360521855,407.15117843933143
591108.4347714841,6233366.414837268,680.9543813143563
594310.7891967454,6233759.263411242,390.0028544632936
592210.2970415185,6233510.522300044,683.0765792280766
595406.0670578225,6233910.409565247,544.9354858447927
595655.9519511447,6233934.585021702,406.3740576091128
591106.6499061515,6233380.401867016,681.1994577849572
595404.771593852,6233920.9490007935,544.5820901345447
595653.2414581858,6233955.798250834,405.62408312559074
591103.1816740902,6233409.052119218,688.456266343148
592581.9258677295,6233592.16590361,726.5743021096007
592204.8524566954,6233555.612601948,699.3523551938332
595401.7746819744,6233944.388441852,544.5525217453759
591102.4290289502,6233415.387322891,689.6825947276049
592580.1623603652,6233607.6018601945,724.8526002683187
592201.9878248039,6233579.157404922,701.4310769851904
595648.1595906006,6233994.5380619895,402.72084301008607
591099.6403335035,6233438.480219126,694.8912999753567
592577.7312737703,6233628.033259786,724.8092186818315
592199.9040340041,6233595.256548876,690.5407488706592
595395.6707886646,6233992.567766941,546.1846495874065
595644.3100270395,6234024.96946128,399.19583094734395
591097.2997481923,6233458.251830967,698.4178689090522
592575.2449179206,6233648.462535285,724.1891545429352
592197.060328878,6233618.125654027,694.5993264485486
595394.6341426062,6234000.339943876,544.5939380961927
591094.9552546752,6233478.02111389,698.7463631409472
592195.4648820485,6233631.347230956,699.3526224095039
591092.2288430705,6233501.235412029,705.0417356404673
592193.3566089943,6233648.668090635,707.8050315872072
595389.2054282469,6234043.640784214,543.6160542808528
591090.5489396164,6233516.111497119,710.3235185207154
592190.7409770958,6233669.769391758,709.2840646458628
595385.3528376946,6234074.177786003,542.1853963719267
592434.416205481,6233709.438067523,699.8556902575947
591088.1685490893,6233537.324964414,715.6522238942083
592188.4149939199,6233688.08341978,710.2853321996707
595384.2197151908,6234083.393777253,542.3224785748891
592431.7652290179,6233731.539267479,707.1972316269788
591085.114856563,6233564.212950209,720.112266494626
592564.384757042,6233740.527711089,718.9757543909797
592185.4156894978,6233712.0679797,715.8213943495675
595380.2967329638,6234114.586505977,542.2929179232387
592430.2513518152,6233744.310277709,710.2082336692911
591083.7461488724,6233576.206242687,722.4063790680768
592563.0098547505,6233752.526243328,720.1957566042305
592183.0247557104,6233731.172431463,722.3075565337192
595379.6897462108,6234119.578147354,541.2805111102859
592428.1489982466,6233761.299063991,710.8960452292321
591082.0656178705,6233591.096053984,724.7561540428018
592560.1495846541,6233778.408370416,720.9890230872049
592180.6252307039,6233750.3803713145,723.9972973647243
595376.2868205431,6234147.120849722,539.5612024329786
592425.4326897471,6233783.836803345,715.9121176522689
591078.4608472263,6233623.516846785,734.1577379241296
592557.6802973279,6233800.842861815,717.2368884846579
592178.5193228794,6233767.369897182,726.4046803703388
592423.6968039632,6233797.82938769,720.0999814808173
591076.8515745837,6233637.63100244,737.4602386888565
592554.8365812814,6233826.165426243,704.6804500780754
592174.6887466703,6233798.575830741,733.7045372616528
595371.9753461299,6234181.885736337,540.458031463549
592419.6866698898,6233831.474626346,730.9987325663348
591073.281414344,6233668.615880798,745.922018545076
592172.8792913487,6233813.457245237,734.1818421398195
595367.8924073991,6234214.963225652,541.1994177157928
595618.092134024,6234240.822148765,399.50097508947897
592418.849304643,6233838.475933913,733.6671389351461
592170.9882783791,6233829.001836343,740.8061112666841
595366.2850576207,6234228.410647608,543.7452748108606
595617.490352066,6234245.70472943,399.56001973129514
594270.8152702543,6234092.617907362,381.1486103175956
592168.5648145253,6233849.434654674,746.6084261094518
595363.1959371209,6234252.937930973,542.3147639437462
595612.8115459068,6234282.799635693,399.48417002425936
594269.2327395309,6234105.277914241,377.2452196825725
592166.3905851215,6233867.09820944,750.8136763952331
595362.591545034,6234257.834058186,542.0760054832846
595610.715319856,6234298.8936647475,397.3672838620959
592411.0810796956,6233902.44066429,745.8563268164337
594266.2734733569,6234129.932446584,380.41086000154746
592544.74092128,6233917.132092669,707.2037610013404
592162.6959302915,6233897.398813752,754.5713701924161
595609.2889542261,6234310.104345742,396.31145795709824
592409.3308205078,6233917.318953298,751.0397382252229
591062.4439704693,6233758.007739457,767.8182993698574
594264.3733712926,6234145.474482602,381.26390361113744
592160.72066342,6233914.286445819,760.1763813024708
592407.0732478857,6233935.864328679,754.642302935656
591059.6508654521,6233781.221849801,785.2517076294621
594262.3513229581,6234161.695708724,381.7574049183309
592540.5507975579,6233953.229920588,720.7547854240836
592159.0671179097,6233927.622902854,762.0979797308722
595352.9740145482,6234335.989369626,547.9894746289445
592403.0994792145,6233967.851192021,754.2257023969257
591058.301260651,6233792.43760159,793.1541661186405
594259.2600871036,6234186.446670764,382.36706385839847
592537.9746515052,6233975.222807294,725.8489732427388
592155.9951737071,6233952.262587572,761.3981249918846
595352.7530619967,6234337.437205423,547.1627424670697
592402.2647409976,6233974.955104192,754.7568215843415
594256.9919776795,6234204.878065777,384.20622193584217
592533.942568245,6234009.427909985,726.0417007007924
592154.1120425578,6233967.587628375,768.458158800353
595350.1051408305,6234358.977225008,546.4851108935542
592397.677793554,6234011.8194352,757.6381744978387
594254.9603702917,6234221.095952549,384.3892361972668
592532.5069089863,6234021.415325221,724.62255891614
592151.3353433274,6233990.02512864,773.7574644981152
595347.6830241862,6234378.515988949,547.2568393738948
594252.2777999948,6234241.631116699,384.6116793552652
592531.3568371707,6234031.4124836745,726.4264842355566
592148.4653198654,6234013.896196344,783.5698572831218
595344.6404736747,6234403.72143635,545.0736439929749
594249.7311257846,6234261.285822965,384.7271016999137
592528.9905793535,6234052.068851934,729.2299887964259
592146.5206196602,6234029.32413498,784.1132773166871
592392.2060693712,6234055.572551826,757.1766703206088
594246.6614306394,6234285.259103328,384.83491397986876
592526.5361489528,6234073.395883335,731.7763792607384
592144.1911080632,6234048.321302668,786.3425882493748
592387.7051942308,6234091.877960875,762.4179535881934
592522.6140914165,6234108.82532945,734.1356682958217
592141.6233324473,6234069.41659955,794.8036370417893
595337.8876213265,6234459.243596669,556.0923561129306
593044.5444590088,6234186.859196212,738.7425011028146
592387.5539215639,6234093.213488499,762.1243609675395
592521.6269025543,6234117.266780208,732.9887822827952
592139.5872440316,6234086.294573999,799.235778329609
595333.9362149073,6234491.788302384,560.8134711589717
592520.0815737773,6234131.376707611,734.2629248003211
592137.157348089,6234106.83483657,804.0165227597877
592381.4166532597,6234141.957286089,768.0962098346542
592518.0042179464,6234149.820303686,737.1308129649788
592134.9678913046,6234125.16715765,809.7716145184097
595329.4473613232,6234528.755177827,562.7033093700785
592379.9790558079,6234153.8361915145,771.2121547579735
591032.7232390643,6233994.636410742,705.9999231846908
594233.1242534724,6234398.534673693,447.61189642811246
592515.3976394957,6234173.028258162,739.9334338933661
592131.8541095759,6234151.375275831,817.8621103178809
592377.5838414803,6234172.601741106,774.5578620687161
594232.8933067122,6234400.64958494,446.01447480499036
592513.165223273,6234192.683809179,745.2124615705541
592130.0465975746,6234166.254302872,822.1304873892468
595325.4935861664,6234561.411270885,572.7986601785918
592375.0347745323,6234192.9216555385,776.3210761092074
595322.8467359476,6234582.720141305,572.9979045174271
592371.8986257691,6234217.569095241,778.5989032773897
591024.8044943389,6234052.249476362,634.6201946449492
592508.2891834775,6234234.662613264,756.8319812379102
594225.0801213549,6234468.271303174,451.8787449614802
592506.324102578,6234251.431789291,759.2694344833529
595319.0679045089,6234613.259563242,572.7840954206677
594222.3972041331,6234491.605622169,454.5247568895232
592504.1986674279,6234268.981563768,762.5299038321681
593023.7063654646,6234357.7616410395,696.4008129183129
592363.9495323951,6234281.204327977,790.1067178611985
591015.0939150791,6234126.7536135465,594.744217172046
594219.4507387809,6234515.475886006,446.75380393137374
592501.6059766393,6234291.413909152,765.839498806953
595312.364997549,6234666.438886552,559.5963743094949
593019.5473432603,6234392.301067545,697.0556702218378
592362.1409757155,6234296.0805725735,798.839432259807
591012.7646261296,6234145.857770701,592.5128812933237
594218.8430051961,6234520.470086682,446.7384626517432
593017.1959846412,6234411.9551126305,695.4186322673129
592358.6788514496,6234324.512459069,809.492205560045
591010.2600534784,6234167.0634451285,589.1870467996127
595306.5718947694,6234712.18328461,555.0842123256639
593016.301601966,6234418.9478273885,694.7006236349879
592357.3362651756,6234335.053205176,811.9045771314929
591008.3667504994,6234183.278502479,586.6200695264599
594213.4915618532,6234563.447918408,445.778090491043
595305.3022815877,6234721.95478815,552.99671101726
593012.6035801803,6234449.1443155445,694.7654030322822
592355.0760294892,6234353.492240148,816.6736511260757
591005.7325587524,6234205.27575018,576.5089828043226
594209.4503366136,6234595.09154451,444.65494932253296
592492.3804715076,6234371.047165704,786.8901381324641
593011.4759176444,6234458.258813367,695.019288921384
594207.196275978,6234612.73293784,441.2261415714075
595299.8071366955,6234765.140060029,557.8971621287092
594204.4223433045,6234634.6072256975,439.4949889319048
593004.8683418481,6234510.885131217,700.2317866678272
590999.07847357,6234258.569478641,536.9292474715307
594201.9343225912,6234654.375396798,437.0709650694967
593004.6470673957,6234512.999917088,700.3786087665046
595544.6411357376,6234824.394863851,413.68866438113866
594200.0498708246,6234669.922311148,436.8637372200045
592999.9218898506,6234550.424132677,699.1339649087989
590993.6122376537,6234302.543312585,525.1384349759123
594197.5477918811,6234690.474652484,434.91380674990353
592480.389168725,6234475.221918186,820.2910476580412
595291.3469144724,6234833.42636142,571.0667473614823
592999.7048407445,6234551.749921538,698.990357108305
594194.3693260655,6234716.557411231,429.9313866557268
592478.4011729184,6234492.77498822,834.0877591032595
595286.9200062377,6234870.520303921,571.6477338458155
594192.2455801327,6234734.217068725,428.2125914916355
592476.5119120772,6234508.314863958,835.1955704877071
595286.1587520458,6234876.8526148675,571.0246081393442
594189.8236601958,6234753.981864054,424.1805245520909
595283.4046161762,6234900.058088203,574.1532420412981
592991.9543345507,6234614.494381467,718.6282914780879
592331.965890289,6234547.94801094,861.3596802023978
592989.2433403413,6234636.484361558,720.3325491123189
592331.4361076549,6234552.155613734,861.823094868518
592986.0105108607,6234662.563492874,720.0058314588056
592329.0091899025,6234572.709757945,869.3258700285049
594182.1642291923,6234817.38767527,422.48893047352635
594179.8202238209,6234836.488191626,414.1275231388469
592982.3090662601,6234692.996783901,724.1950549287485
594178.0698850517,6234851.149370227,412.4941552636898
592979.5090643173,6234716.325565072,725.7010456654011
592320.2447977104,6234642.773941157,887.375975762712
594175.8817004147,6234868.804027694,412.2695317731616
592976.1191963579,6234743.9610027345,710.8979182038759
592318.8919643087,6234653.434117494,888.5421005371211
594173.7644784542,6234886.343731952,412.02661104446696
592974.4671023217,6234757.40246633,701.0364125725241
595515.582502557,6235062.123042869,461.70688048121065
594170.6465216223,6234912.33004567,406.77375790291575
592971.115797915,6234785.7176352525,701.0782993965976
595511.6541042612,6235093.54664802,465.8214237355337
594167.9209049926,6234934.756765258,405.12031509877147
594166.6336374126,6234945.41781244,403.2446560306053
592966.3619663086,6234824.580929035,676.5269280903335
594163.1286098958,6234974.964620167,399.79235161773573
594162.7616229162,6234977.733531093,398.79048682173436
594158.6507237732,6235012.161322694,395.6757293672883
595250.6147049798,6235166.884839883,662.5989412243094
594158.1233164888,6235016.3783819005,396.4459025569692
594153.5079139873,6235054.354172982,394.94589015801847
594151.1679037922,6235073.34833955,392.54965816070364
594148.7622094095,6235092.325134104,388.8532214766266
595241.3435553664,6235243.386287452,683.7154196919536
594146.9672469066,6235106.433121046,385.4487579539595
595238.305189312,6235268.703228714,683.6258102951414
592039.0914900425,6234896.795482067,729.8716941745034
595237.0277312079,6235278.471152819,682.5396205445909
592036.3341935859,6234918.6614167355,726.4638046269805
595235.4445714775,6235291.137627074,682.5186387752501
592034.9074541277,6234930.102725478,725.3996616723211
595231.982480371,6235318.56707824,682.8753941532669
592031.6629184129,6234956.976326991,721.464561913633
595228.6568264118,6235345.2022991255,681.1913597502158
590928.9905099542,6234807.3097099215,331.5286900733612
592031.3545331603,6234959.869198146,720.7896266547205
592029.0774124215,6234978.965262887,724.2912658659607
592933.0110970256,6235095.424656636,646.8171755808233
595473.5915017503,6235401.335146826,575.7255620385131
592025.0645760143,6235012.846804305,721.6753755850492
592930.6590470865,6235115.182006316,647.1700324327809
592022.7501994678,6235031.268609198,712.5421336042195
595217.4095095692,6235435.472399487,691.660789776997
592924.1035755565,6235171.492213241,669.71056718371
595212.0892898599,6235479.4555919,674.38726737163
592919.9695530396,6235204.693284952,666.2134233623591
595210.8066510449,6235489.993906093,676.0216644927282
592918.2467315755,6235218.128947423,662.6701840412541
595204.6395264015,6235541.079221608,669.0955691052554
592913.4409268817,6235256.988626384,658.7016250191539
592004.7688167008,6235175.078147934,706.01891665824
595203.4927510426,6235551.079729974,667.3031909029378
592910.6683729036,6235278.871087644,656.859100367988
592002.3785317657,6235194.0657024905,701.6665608695914
595200.144694171,6235578.729522225,655.7299896001975
595447.9348429781,6235606.191886628,652.1217165256509
591999.7440124043,6235215.494200264,695.6194935561981
595196.958189842,6235605.038237434,644.2256198997807
591997.9351693052,6235230.370227311,692.6160470086343
595194.5314148992,6235624.815017661,641.0415442985742
592240.9231488791,6235261.221670409,695.0632397095725
592384.8997680655,6235269.674733965,693.8548364787854
591994.7813563531,6235256.138648046,685.3212495495993
595192.0837375462,6235645.34726275,633.5642764430008
595440.6459179455,6235666.268245555,670.6326444658818
592238.5549887269,6235278.870348485,687.2284871379142
592381.1747769447,6235301.438022072,695.7869536104919
591992.5215275451,6235274.678963081,681.7269573695769
595189.7368882453,6235664.561721407,620.7395864615854
595439.2131298457,6235677.591191347,673.7972456817421
592235.4476587615,6235302.073816831,669.3815182158179
592378.9048336165,6235320.545007194,695.8426906962093
591990.2540658301,6235293.3325724425,676.6979355508739
595188.7609713202,6235672.213709858,619.3405871051076
595434.4204841196,6235714.55790617,670.4694410656252
592233.0853822561,6235319.722231677,659.1780278008481
592378.1438192244,6235326.874976764,698.1201917577405
591987.8565086055,6235312.548204149,671.3757467915501
595185.115898795,6235702.532582524,616.7918572912296
595432.0286097518,6235733.099551523,669.2177259303929
592230.4593137233,6235340.819862122,652.5589365030357
592376.2437661716,6235343.19750927,701.9300894284787
591985.3100459111,6235333.199371256,664.6112008394283
595182.6869359036,6235722.29746226,612.3293197729733
592890.8375595936,6235443.775216612,691.5508381838109
592229.5601859067,6235347.934179583,651.1835496934075
592372.1058213538,6235377.071502559,699.1750244660936
591984.1004211117,6235343.085070996,659.755942965148
595180.7884546173,6235737.72960775,606.8971721570822
592888.7930986008,6235460.763541113,687.2772458351346
590881.1943022297,6235206.4412079165,377.80954558868297
591980.1976766222,6235374.845896647,663.7322929376008
595178.4539203508,6235756.723055306,598.4659278173821
592367.3360167687,6235413.811702858,663.8288829361238
591978.0248249014,6235392.387399378,659.4962280841631
595175.1886574146,6235783.4762566695,584.1751856270967
592883.3013106107,6235505.180269646,668.2464730510341
592220.4630392318,6235421.771201314,627.126165147877
592364.138512538,6235438.464247949,646.8651353024168
595173.684305499,6235795.468140134,579.8089035324604
592882.8593601359,6235508.732543915,667.526128047794
592217.9143962706,6235442.209742842,624.4486949487411
592361.5891857152,6235458.8913092725,643.7503180673227
591972.7000444984,6235435.241878024,656.1840030419038
595170.7995418762,6235818.794657891,563.7006050066437
592878.8348458055,6235542.602873854,668.167263822362
592216.1846122964,6235456.31047354,620.8706931538184
590871.6638080053,6235289.967551074,428.1149767085377
591971.2906554246,6235445.795472611,650.9639954630449
595169.0631604716,6235832.897210184,558.7746993233028
592877.2590626037,6235555.265469248,661.8002871626347
592213.3644372728,6235478.183292385,613.9840264050146
590868.7761299474,6235315.292707058,438.8004099547213
592356.5987081272,6235497.752196923,635.4148255413567
591967.9127791843,6235473.107936767,651.3784635286346
595165.2192263163,6235863.876280418,547.7377139270134
592875.5993864399,6235568.691876781,657.3149763679904
595412.3352809347,6235887.428093315,631.2491376790475
592353.8298423518,6235519.638417394,626.9446033599451
591965.8352625164,6235489.3243803,644.4456866916094
595163.7053180187,6235875.863881706,545.9118195501707
592872.6469832708,6235593.360111879,664.4451353729665
595409.759575163,6235908.528693503,617.2100251700537
592208.0119641951,6235519.147455375,598.8746964613587
592351.3815359334,6235538.616345715,621.2401050987418
591963.073268794,6235511.195225295,630.0570677000685
595160.5355167446,6235901.394451993,538.5010936924373
592868.7378157186,6235624.997487387,663.9586725674461
595407.6432933123,6235925.516773145,606.4905629856771
592205.9222173726,6235535.46887525,596.2372388604335
590862.1836314723,6235371.824301459,466.93340828553033
592349.0765702644,6235556.263655646,610.0169192314531
591960.5321092457,6235531.075109511,619.9724957661316
595158.5719465291,6235916.943275853,531.7400155320338
592867.919298457,6235631.331726056,662.3963907871688
592202.8175809834,6235558.78269155,585.5458975471872
593420.4224481144,6235693.930800788,481.7384289891486
592348.0992301484,6235563.928658705,607.6954957123963
591957.9184882324,6235551.619309037,607.0619583289767
595156.9153456182,6235930.389194716,527.6270832487253
592865.3710591618,6235651.757522416,660.1968639217566
592199.9180162512,6235581.324450731,583.6714698611639
590857.3496621555,6235412.252822228,486.2364672839629
593417.2267423351,6235721.034253229,486.1202741822147
592343.910054931,6235597.023981496,592.8221886856727
591955.606729758,6235569.926204101,603.1429695503082
595152.9199502397,6235962.2373030465,515.839613752022
592862.7367598977,6235672.862300365,656.1354766461799
595399.736811018,6235988.020854482,573.0699689299586
590854.9648249598,6235431.458657512,485.42002074422356
593415.034642567,6235738.910076387,478.9076136087595
592342.5542484034,6235608.349424892,590.2744926335554
591954.9236039142,6235575.595318046,599.0326452268637
595150.4333426219,6235982.124364122,512.8710968428019
592858.9316466692,6235702.608464701,642.1587369282797
592196.1749546278,6235610.983644033,579.0138128166066
594056.3364059365,6235849.316174273,363.4558764605423
593411.3469773384,6235768.786897602,471.9652436761247
592339.1864737757,6235634.99935506,573.346028638117
591949.950098647,6235613.78778662,561.4651445009991
595147.7857100235,6236003.434493823,507.4223371713508
592858.1832921436,6235708.275040664,637.7124872669743
595394.4912555517,6236028.54046033,549.3980478694785
592193.2607579681,6235634.177302194,575.2126122223215
594055.8875162953,6235852.854566803,363.694992415293
593410.2159730146,6235778.110445978,470.02498431226445
592336.7621816486,6235655.430402784,567.9342612932421
591948.001723904,6235629.338055629,556.3629246984982
595145.5327304278,6236021.201210928,500.6307819556906
592854.597943959,6235736.596678422,621.7446305004225
595392.1728196472,6236046.315601406,535.1680263407677
592190.8638404483,6235653.275179667,574.7567824641794
590846.5143781893,6235496.299207059,458.2593733439991
594052.7034074845,6235878.951598709,363.41058397893863
593408.5542402233,6235791.542636191,472.475386300808
592334.1241757926,6235677.199897083,567.529976438625
591947.3437136805,6235634.221489421,554.4375876083798
595144.318957745,6236031.082982313,498.11204258901193
595390.3707539367,6236060.518204737,528.022337111316
590843.8240627663,6235517.618060247,450.0862115500468
593403.6764105299,6235830.40168638,472.4788679790715
592332.1452790819,6235693.968798133,566.5197599992028
591942.6684970226,6235672.763082862,556.5799676749417
595140.768630232,6236059.397645281,493.46650168813363
592848.7924636267,6235784.008832747,617.4868477120231
595386.4709518083,6236090.825299255,518.3847632623106
592185.2279580666,6235698.916366054,568.509971896165
590841.4954191356,6235536.715962284,445.3143534178692
594048.5503691884,6235912.707688878,363.6354442348624
593401.7939215632,6235845.839509925,471.1690520293216
592330.795181935,6235705.289989115,566.5126814307856
591941.6132956804,6235681.192958373,555.2378814174921
595138.2072970703,6236079.941519232,490.7679942585709
592848.6378946519,6235785.336923679,617.9081119538324
592182.7445710312,6235719.238247915,567.1872322192625
590840.8240482308,6235542.384462959,447.28995998595553
594045.9806100866,6235933.913340619,367.72231144796837
593400.6542952389,6235855.063713498,470.7863566238173
592327.7701138472,6235730.500421907,566.9668548494396
591938.6834438855,6235705.071727633,554.971767122742
595136.9208393774,6236090.486010663,487.4327903164018
592844.7241868037,6235817.325809763,613.3516535623705
595383.4663293655,6236114.025880503,514.1333544908845
592180.5464258526,6235737.555718783,565.692587399136
590837.7069886415,6235569.2617499605,448.2529936459799
594043.9200545226,6235951.475878421,369.8731437412523
593396.60814959,6235887.254177938,467.57302228989823
592325.1365148801,6235751.713825784,565.7679190542642
591936.3838313752,6235722.718263994,541.8500189620426
595134.5954994748,6236108.913980954,476.001891408884
592842.0925727682,6235838.638005962,607.1561899738002
592177.7010391422,6235760.664826244,563.9817812930643
590836.1116375122,6235583.3641450135,448.0921268371811
594039.2977628756,6235989.44496036,366.91628558377937
592322.3530647104,6235774.257055534,563.1974062130821
591932.6358663153,6235753.040336518,537.0270191827965
595131.713501124,6236132.238567165,467.7735254870716
592175.5216817744,6235778.205770441,562.1645304755189
590832.5390466275,6235614.246804343,446.2885855554967
594038.3902603692,6235997.114195306,366.61393342708925
592319.5793159363,6235796.796344195,561.4234606054938
591930.3099888838,6235771.473675816,531.6291621661748
592174.8390594644,6235783.874868469,561.950853165742
590831.614969028,6235622.686899605,445.6512557813848
594036.7299761485,6236010.540750011,367.9862243608494
592317.186652357,6235815.779750718,559.2047073592147
591927.7624890115,6235792.119919639,524.4370984622727
592172.1239857692,6235806.304940242,562.9686416514645
590829.3241087103,6235643.015146276,450.1600817169113
594033.9279366515,6236033.644931567,372.9662865646116
592316.2671796724,6235823.5606012,561.1965397495344
591925.3630909311,6235811.337839316,523.1681396991721
595123.0823877994,6236202.522614013,462.9885065990782
592170.2562845158,6235821.179429898,563.0697357865458
590826.5045681623,6235667.567544097,452.5728087267423
594032.0983577935,6236049.07206667,377.6776472866351
592312.7489749552,6235851.768847976,562.022370266161
591923.3382639025,6235827.773564901,519.9391918078661
595120.734533297,6236221.513993459,458.7694065073796
595366.5943485397,6236250.825552733,461.3774017201765
592165.84094852,6235856.383408009,555.5170744340439
594028.1039377119,6236081.493493802,380.0960182314505
591920.7302519275,6235848.41992205,512.5299707685225
595364.6991288632,6236266.252665674,455.73397994477847
592163.4425885195,6235875.47918904,553.1993706085843
594026.9744640265,6236090.599564443,380.46614510314396
592308.9005358831,6235883.524327291,575.9267103873482
591918.6978359243,6235864.738661448,511.30330450444706
596025.6403638253,6236368.930982543,598.2026730892328
595361.7937786315,6236290.798340639,451.93327717527495
594022.2462995576,6236127.919650457,378.45918791373816
592306.1828450311,6235906.061856276,585.4472028919869
591917.5591819069,6235874.737141733,514.7809272143884
595113.7945016614,6236280.041660192,444.37891751252494
595359.3597094339,6236311.243116233,449.7125385429126
592158.9512595399,6235911.010095895,556.3107747902714
594021.4132641937,6236134.913178659,378.3809838918887
592304.4474473088,6235920.162823063,588.1355415221476
591914.014048691,6235903.721021159,517.4818613840356
590813.5833820059,6235774.059308271,489.3058609915698
593373.4408172363,6236076.578060878,403.784626698546
592300.1735243899,6235954.700276048,584.9990850289258
591910.9451775814,6235928.48538894,510.6583641505766
592817.7273485113,6236035.62094091,545.1939305113588
595356.0123110256,6236338.886910052,451.3758106348537
592154.5451823804,6235945.7645179415,562.3354151387051
590812.9155462926,6235779.050789918,490.0383335288632
594016.5148030911,6236174.328355227,378.3393997817009
592299.0389391503,6235963.806287013,586.2229000152904
591910.5583255441,6235931.922436677,511.0143053111786
590810.315737285,6235799.483166607,490.4208605068862
594014.0337954625,6236194.093964826,379.27757652032204
592295.1984542231,6235995.456819157,597.1312785337396
591907.2374775346,6235959.354584515,512.3743031604499
592148.1025539832,6235997.508896998,575.2714799374168
590807.1043468262,6235824.907503643,494.5428615115645
594012.0453212815,6236210.974122858,384.6998513527368
592292.5741957455,6236016.551600324,596.2651181747947
591904.8192836924,6235979.687135255,519.295975636305
590805.5214697168,6235838.348788517,500.9694732561319
594009.3985464755,6236232.844315433,386.8153077980285
592291.9686331465,6236021.542368602,596.5900736608695
591902.3991357996,6236000.003869434,519.4698887550982
590802.5145468944,6235863.108174877,505.1298582918943
594007.1797421585,6236251.944972464,390.59469961446354
592289.0203111512,6236046.084612557,606.9088381956911
591899.6923078769,6236022.432983675,521.3912903975462
595097.6073912396,6236414.2929489715,431.4369180445728
590800.8332647657,6235878.0085545825,515.4988173121192
592286.6937736633,6236064.96532723,612.8414538705782
595096.1763997184,6236425.608867474,431.637483439389
595340.0271883,6236469.137639557,447.67520908320057
590797.3618415544,6235907.210286773,516.5285944716957
594001.7877784929,6236297.140318945,390.9425145608756
592284.5005604567,6236083.299810178,613.9459548100019
591895.3704508408,6236058.975717308,527.4739714820872
595091.8860420447,6236459.479541981,430.16239511352614
595338.5922925359,6236480.567838682,445.76718762134595
590794.83634635,6235929.865762095,526.6111493870714
594000.3447054761,6236309.131461666,392.4476258391857
592281.8033169978,6236105.059015371,617.1566942157143
591893.411378147,6236075.181908118,531.9640113056471
595091.142130173,6236465.141329423,429.79677321570216
592799.2353404122,6236187.645250884,535.8811889264576
595334.9726800751,6236509.55433843,432.0282010988047
590793.4050897073,6235941.97024106,528.8342554108174
593997.9057566732,6236329.569098089,400.62198841437953
592278.0120761332,6236136.819807984,622.2083845710838
591890.8281316357,6236097.0621720515,532.173668413277
595086.8490601246,6236499.000159999,428.97912895130975
595333.620782834,6236520.204149887,431.66487248064294
592132.7257636286,6236121.429071299,575.8673606124623
590791.7250704413,6235956.850836394,530.6543364354254
593993.4505727203,6236366.099906687,402.6469393065871
593347.9807214149,6236282.6823387295,335.2799408817731
592277.6422477984,6236139.590906135,622.8531546550247
591887.1359102499,6236127.382702014,532.8140318842095
595085.3454538453,6236510.987140804,427.4078078489743
590787.4724497917,6235993.618844674,540.3999005265516
593991.1153322315,6236385.19581246,399.92254301173506
593345.8652767675,6236300.331019819,332.49135924412036
592275.4305797061,6236158.588680353,629.1543610386568
591885.2574341476,6236142.927667427,536.1236542458412
595327.3810211062,6236569.269747208,426.7582296463122
592127.1376979009,6236167.850182984,593.7678298294685
590785.5157475673,6236009.828374772,539.8011213969863
593990.5834010392,6236389.418671626,400.0402288938644
593343.5105554753,6236319.998081685,331.08086814714835
592273.0211997111,6236178.465288047,631.5226372803158
591884.0502599557,6236152.819342858,537.9763818379291
595326.1046609657,6236579.152434378,424.6478261972284
592124.1365906592,6236191.944782838,601.3910487387722
590783.9288477809,6236023.266145437,542.033349193232
593986.1969412019,6236425.281568079,400.27599455462416
592269.9323761024,6236204.007866728,629.0500302790881
591881.8040252731,6236171.129274367,541.2976616431987
595322.8659464042,6236605.030336797,416.1779827896055
590782.3251384164,6236037.257560533,546.4448965627564
592267.2723800588,6236226.661162081,637.0276482848427
591877.2951015886,6236207.775242454,547.6100114447122
595321.5133812103,6236615.464321213,413.9628556321024
593337.0027253749,6236374.067798501,324.0912058878887
592265.6016738978,6236240.881941203,640.6235065205401
591875.63426202,6236221.098793807,551.5169400109679
595317.5301037141,6236647.0009072395,401.37808987375405
592117.7648303832,6236243.139486456,616.284123287049
590775.914483638,6236090.788345405,555.8330394336149
593333.2941878203,6236404.840577784,323.40832735233937
591873.1846235723,6236240.19231432,547.3494181751201
595315.0300746689,6236667.32311236,395.9928919625803
590773.9019754052,6236106.895309945,555.1819589496955
593332.2241071927,6236413.944651523,322.13384496449936
592260.9058465487,6236280.406483459,660.3541206104433
595067.9670073154,6236657.014122371,327.7183235542395
595313.446668715,6236679.971572323,394.0871511115777
590772.4138724977,6236118.775700042,556.9288975200027
592256.489838413,6236315.719608527,659.7176107416793
591867.4272919972,6236285.836876536,548.5471471223656
595067.2845156972,6236662.567262295,325.5986622268139
590769.5666306239,6236141.982368066,562.7910168659406
593972.5180495719,6236539.78114008,396.89011997188516
592256.348404389,6236316.381797566,660.2111926712685
591865.626373419,6236300.61522472,554.8234048086539
590767.0259836991,6236162.418867122,567.9707220515164
593969.4860968363,6236565.324890333,396.3549740036692
592251.7114537181,6236353.023087851,656.7604992197382
591863.1457509513,6236320.932842463,559.6986249425589
592105.6550126588,6236339.07426412,630.5503505019653
590764.0995974835,6236186.294291118,573.4331914780292
593967.1265485509,6236585.204236501,390.4742002251862
592250.8928694315,6236359.237452795,656.6620938338164
591861.0431443073,6236337.801013994,561.8810244370919
595058.7355604845,6236732.074540583,303.38804057062345
590762.7444821717,6236197.511813323,574.2781065205818
592248.2062022854,6236380.341521622,660.6119871826694
591857.5881223353,6236365.9060291685,562.2500775957836
595056.4656421028,6236750.407018745,297.72442865791646
590759.2174224323,6236226.373672471,580.2252164562207
592244.7888660971,6236406.8775184015,659.8407823823269
591855.0569690234,6236385.6613993095,549.9798397904676
595053.3147703059,6236774.930063291,284.2699864516685
592762.2891722842,6236490.474741132,536.071722205601
590757.5503989875,6236240.379113171,585.6128592845719
592243.5200078877,6236416.756943088,661.0636445320995
591852.8204541836,6236403.218102192,546.7222325017116
595051.3593103129,6236790.474857695,275.9998147554935
592758.9800764439,6236517.233307236,535.6349815498367
592094.5799895572,6236427.133143108,628.9295034547887
590755.124134426,6236261.368535502,591.6997267561327
592240.3754691678,6236441.846907792,675.6803485491963
591851.772292401,6236411.645672958,544.3968287378236
595049.3375815349,6236806.030986025,268.38250420694726
595294.3575116158,6236832.422320761,344.4145708638724
590751.945580934,6236288.686365766,594.5106670181957
592236.8596773923,6236469.838001989,676.8340147537051
595046.4038439306,6236829.337876425,257.4393073583135
590749.7900413821,6236308.356637734,603.9357785458676
592235.6678216986,6236478.93305505,675.6599307792957
591845.1392008688,6236466.617093885,541.6020726449349
595287.757204528,6236883.83001253,324.7987243262112
590748.7301506032,6236317.455829704,603.9032723912649
592233.3321714895,6236497.927913531,680.7594980623853
591844.24160329,6236473.723296471,540.1134309870333
590744.8546321573,6236351.107334988,603.0269296086589
593947.5138999902,6236744.097461583,378.6026981475644
592230.9472326963,6236516.801499149,682.4161083971111
590744.3282219003,6236355.330924375,603.7576201564149
593944.9773554328,6236763.751625671,374.6620850196267
592226.2937650636,6236554.2276922,679.620501050883
591837.8913685034,6236526.807992801,538.7879417010035
595281.305082164,6236934.564290767,306.6214353527792
592080.1289421422,6236545.498756183,643.2972615847804
590741.1624114797,6236381.977414316,603.1815452297209
593942.9312157758,6236780.514351609,373.9103685139947
592226.2151180129,6236554.889933915,679.6820736009292
591835.7132447413,6236544.468094911,534.909433639914
592077.0558281642,6236570.263494629,641.2017434263549
590739.0971422903,6236400.318054257,610.7305198110895
593940.4579120767,6236800.058672617,373.8439416439437
592223.0658866895,6236580.320719124,679.4371959153211
591834.425907989,6236555.12060997,532.5016449313663
592075.2639523529,6236584.367102244,639.4756663558757
590735.8085676215,6236426.518993098,610.835278338734
593939.6996675417,6236806.266011992,374.4489643022265
592221.1964200896,6236595.199954393,680.6429733178128
591832.389350388,6236572.113800887,533.0388935482655
595273.382062008,6236997.737646798,296.0603436263664
592071.8311731941,6236611.231419599,634.8665123871971
590733.2682223609,6236447.057045691,613.5067644718612
593937.210140445,6236826.587561661,375.9676046308253
592216.6198452845,6236632.066910154,675.4568116675038
595026.578939382,6236990.457772016,238.0710234523321
595270.5934544634,6237020.287486619,294.3793115675234
592070.5656482327,6236621.116007977,630.9517631074214
590730.4613219575,6236468.2644628445,606.0714356666044
593935.0291360371,6236844.02936106,377.6584678030696
592214.534453123,6236648.383307619,669.5791232378721
595268.7868012757,6237034.277781277,291.3225878141076
593932.1507598622,6236867.9041925855,378.217390436821
592212.4462327468,6236664.70416567,660.9568510545665
591823.3026509118,6236646.184440436,524.3802382981311
592065.6238983953,6236657.648898065,595.6456451131858
590725.5452664664,6236507.2426835885,609.776043404384
593930.2375695654,6236884.115018193,381.88872218704597
592208.953617144,6236691.579242399,640.9002518307208
591822.6992669888,6236651.182620427,523.5705045559627
595262.3100661176,6237085.683876161,270.52160560580074
590723.6511720212,6236523.462431075,621.70242238564
593926.522144909,6236915.205584763,383.1238269077375
592206.2607995664,6236712.786313458,631.5551977450609
591818.576780308,6236684.267999265,519.7153084180476
595017.8208497604,6237063.753188846,244.65588379347093
595260.134545171,6237102.659673109,264.22746754084733
590722.084587199,6236536.225082103,626.491071888306
593924.6903174934,6236930.86833975,382.7014140738557
592204.4726453853,6236726.778159898,630.5534673607509
591817.2955383739,6236694.825499157,519.3433943091125
595259.6064974117,6237106.887624031,262.6588509715602
590718.4054821486,6236566.429180256,626.718760197961
593923.1499355641,6236944.412645438,385.0568129743546
592201.3251155098,6236751.984694243,629.2086633154722
595256.1806221362,6237132.973131056,257.24909473367177
590716.8314787402,6236579.092375819,628.5435562039544
593920.7133644924,6236965.069773767,388.26440200294587
592199.243957202,6236768.081762489,625.4860849024403
591811.0795739295,6236744.906296396,510.1438772390191
595010.4873483004,6237123.487750185,259.56055241374224
590713.9636178424,6236603.076330603,631.8793320649279
593918.3445175523,6236985.732841022,389.74959771983237
592196.2706703611,6236791.062360418,616.9609500248798
591809.5826623265,6236756.899631276,508.5454848553351
590712.0690055199,6236619.300414227,632.8844758440578
593914.0088843362,6237022.0405720305,396.63047862566566
592195.8916736405,6236793.947455864,618.7321490980603
591805.9685021676,6236786.540081861,502.27335501699974
590709.9584021135,6236636.95270525,634.6642272814709
593913.4021959244,6237027.036787765,396.54367168702925
592191.1326411982,6236830.927456662,620.3112869112691
591803.7098034916,6236804.975353324,500.0653447337514
595001.4554193999,6237195.213172593,271.2551244528197
590707.8473909694,6236654.608154331,636.9709910448428
593910.3645281793,6237052.57608262,398.3220745617588
592190.684296338,6236834.478814323,618.5582596547881
591801.3798405558,6236824.086719104,497.4048404145111
595000.6285442917,6237201.541264198,271.23772152881355
595242.3433327447,6237244.458762759,228.9276265910941
590703.5642052409,6236689.922839754,636.9277209348686
593909.0135112138,6237063.126770416,398.85586974310723
592186.019480966,6236869.566487812,601.839064164067
591799.7310107464,6236837.514522559,495.0628738443803
594997.7585238708,6237224.640402882,273.60244172305914
595240.260741504,6237262.775433407,227.3072629944341
590703.1259937224,6236693.477300584,637.4213581217444
593906.1495375967,6237086.342532072,401.8038037219621
592184.1635333254,6236883.662745829,598.6747867891788
591796.5053992729,6236863.612332269,489.7919505822385
594995.4055672011,6237244.290820696,277.3278620476034
595238.3567999861,6237278.882259965,224.13513993635664
590698.7711338365,6236729.12678654,636.9492589738878
593903.3695960373,6237108.773301484,408.1750696966209
592181.2915355647,6236904.873037066,585.5743198567749
591795.2326943905,6236873.48760579,485.3789923277739
594992.6572423755,6237267.383788993,282.9210754359925
592034.6827495396,6236903.037989408,544.5702783702329
590696.4409027902,6236748.338400435,636.7708569534485
593899.2314236346,6237141.745334322,408.352969319343
591793.5816699436,6236886.933053867,480.2356876928086
594990.3470312118,6237287.716051002,286.6248070767766
590694.4949496111,6236763.992883787,636.4124925086276
593898.0219015094,6237151.518237901,408.39833480100094
592177.2255690919,6236935.283634266,566.540902790247
591788.7399176599,6236925.013924155,463.45210653009536
594989.1237479826,6237298.264247715,288.5452094229015
592696.5775924806,6237030.4875204945,584.1095131259505
590693.2339291156,6236773.983964978,632.6196402559168
593896.6639554632,6237162.730277761,409.8853433583473
591786.9537028635,6236939.006618475,463.2923849268825
594986.9772300629,6237316.471875441,290.74829747614774
595228.779394404,6237358.2790319035,216.41652645071886
590690.8258107045,6236793.865735136,636.9347564065539
593893.7167084177,6237186.493195799,418.02211016779626
592170.7592530127,6236985.0278766975,545.8163510004763
591784.2347553832,6236961.546453672,467.5357935877314
594982.9317580891,6237350.899367348,298.00055428314437
590686.4749664332,6236829.289851327,635.1828996475188
593891.816987032,6237202.703983362,423.1852765364637
591781.7671058731,6236981.208281153,466.09349074411796
594980.9654822153,6237366.999573295,302.3470471552717
590685.511431991,6236836.95765234,632.3448186520195
593888.7797295543,6237228.0261371005,430.2315201527182
592165.7622125642,6237024.65932429,531.0494012742494
594979.8094170949,6237376.884516768,304.02604840425937
590682.1413916535,6236864.377246221,632.2134565500761
593886.9540516991,6237243.466369845,432.27913218139724
591777.3411504306,6237016.953026747,458.2596272686564
594975.5305371396,6237410.63801845,304.1500896419397
590679.9870199189,6236881.151580525,622.627359143168
593884.7405131884,6237262.451698634,434.7434033158926
591775.0236776123,6237035.273773976,449.8033366683442
594974.405616592,6237419.189343535,303.25721244142926
595217.0535344111,6237444.971336587,185.86844144051656
590677.4154545295,6236902.919481335,627.0034915947824
593882.2466879984,6237282.890613755,437.03858177651034
591771.4780591166,6237064.826027618,443.1839456190282
594969.7641378086,6237455.154925698,295.43032287482276
590674.591304168,6236925.233617053,617.2915567843187
593878.0785461258,6237317.527855883,435.4075452456512
591769.5273349227,6237080.917745,441.18762839567444
594967.376920059,6237473.583149928,294.80165238362923
590672.4208123684,6236942.790100753,612.3295256548936
593876.185283082,6237333.08203216,439.6507847920726
591767.4135939539,6237098.472732296,438.2359142924863
594965.8736497966,6237485.574570383,294.15538446378173
590670.3733202942,6236960.224280197,616.6375248810451
593875.0522756173,6237342.184410113,443.15123655449224
592150.7390642848,6237143.2534418935,493.8646508411575
591764.544320727,6237122.456067422,433.2532330365225
594964.1471112019,6237499.019168512,293.78602837283864
595204.7388140239,6237541.451753114,210.03876469951157
590667.3604179485,6236985.540662587,621.7280859055986
593870.3902240142,6237379.604595481,443.86335740249797
592149.4875923275,6237152.462912636,489.9572155105805
591762.599666103,6237137.883106435,429.3563410972571
595202.7529820666,6237558.444405818,209.9901308385708
590666.2371903313,6236994.649868231,620.6789217456387
593869.6455149819,6237385.265084828,443.54766274742633
591759.3701402214,6237163.983580203,428.29358698276974
594959.4598394418,6237536.9907714315,299.98588667736794
595202.1456722959,6237563.334481567,210.41946281105317
590663.6007377945,6237016.41305209,622.6527887097891
593866.5595438315,6237410.022453544,444.7665783779488
591757.7971428557,6237176.75057717,427.5612104178229
594956.5705064002,6237560.975330847,298.4176654895293
595197.685574041,6237602.1965776775,208.46585726809158
590661.0331862502,6237038.298161346,626.7466990145143
593864.9763235745,6237422.802057429,445.70896835143446
591755.2626346281,6237196.511064563,427.82037983595905
595197.4711254606,6237603.647195475,208.62437570033737
591752.1456717391,6237220.612953595,426.7954750932473
590655.6799768385,6237083.380237639,630.3761467922235
591750.9541794626,6237229.834744943,426.0793313336948
594948.0738567882,6237633.604280435,286.45998321146794
590653.3030249458,6237101.810646897,616.5434782627474
591746.6435947274,6237263.135403551,424.9790571358078
594947.3165350339,6237639.934781934,286.9955198299207
591746.203571725,6237266.690189079,424.60703330492197
594944.9566263084,6237659.698724686,289.2874933106883
590649.6035034879,6237132.905561494,618.2107897067935
594942.6776925522,6237678.68645388,292.315375743754
590647.5593113562,6237150.67881658,622.7858185406519
590645.0719132593,6237171.23075865,624.7174526498908
591739.154829607,6237323.431587881,418.74509951930895
590642.3461932221,6237194.552093334,629.4977806741751
594935.5106218861,6237735.9784722645,298.4094634508636
590640.6824958709,6237208.653021433,632.1659471753228
594932.1292527755,6237762.843847378,298.55451123610055
590636.496645818,6237242.5192205515,628.2488117398713
594930.6978311667,6237774.17659634,298.78245886695163
590634.5658616239,6237257.950496446,626.3215596514101
593837.1900587659,6237649.650151706,395.89421693394746
591728.331355071,6237414.608930526,380.84243629910003
594928.064513307,6237795.268498557,302.34836777094716
590631.787319145,6237280.387935571,632.8339101281473
594925.6545233754,6237814.257075686,302.7770412757085
590629.3431708936,6237299.378105172,623.737491384973
594922.3165696473,6237842.1324730655,305.71146414798
592632.1361262258,6237567.527755005,701.1625680651309
590626.1898878411,6237325.358277813,633.7465903412877
594920.7903166447,6237854.78512166,307.08889948073625
590623.8047728566,6237344.349779528,631.4557556521119
590622.7578444955,6237352.784628171,629.5118620969494
594915.8497681534,6237895.987630229,308.44875587337486
592625.3104682408,6237621.827605357,706.3247040532867
590618.4452349999,6237386.541823535,618.0795868840431
590617.9187459941,6237390.763090024,616.323526525073
594911.2106665187,6237934.631888858,308.5514739223275
592619.197554948,6237669.788280895,695.4706870648341
590613.5614121194,6237426.748578369,610.0400890615601
594908.4679130007,6237957.838610907,309.4900716278122
592616.4918747138,6237691.672814525,694.8629101195029
590611.6854748455,6237442.290273218,607.2348203993947
592614.4664555523,6237707.884685669,692.6781174530145
590609.4384561621,6237460.731045004,602.6809384150097
590606.3739206766,6237485.492195296,593.4624694735347
593810.9452323996,6237862.627562938,266.06432098008116
590604.3323374246,6237502.483001094,592.3687127590113
592608.0672473534,6237760.062338581,667.4268153630443
590602.4574165589,6237518.024787858,588.4935385448805
591696.3071182807,6237668.000222142,307.43602454869557
592604.7443316168,6237787.607795643,659.6523961896521
590599.8424278444,6237539.243668498,578.9777136696098
593802.4604641201,6237933.142259471,241.58893422133553
590596.7675525417,6237564.5569941895,576.4727028413221
593800.9567805552,6237945.13513772,236.62660909378232
592600.2775126273,6237825.036743099,661.0614222318435
590594.7428175547,6237580.762070952,570.6978938779772
592599.3033168048,6237832.813840679,661.4577895350911
590591.9900946636,6237602.528816782,562.9187315508698
590589.6019452362,6237621.63618463,557.846265865263
590588.0314295558,6237634.288581813,553.4401835161898
593790.6377490556,6238028.529600484,197.9129807929554
592589.7940665777,6237908.305986374,652.7714746658067
590586.678425093,6237645.515747274,557.1307107019611
593788.5431716994,6238044.855640965,189.85731320325974
592587.2557033479,6237928.291195687,649.3953317581452
590582.8720182867,6237675.829893054,554.3669572748271
593784.8040385484,6238073.940461404,179.6928645595596
590579.6398942445,6237699.91249601,538.0136067352482
593783.9848293712,6238080.373937192,177.70668292964376
590577.0534073,6237719.677444887,529.9747936011536
593780.1704968249,6238110.247580388,165.92072451457864
592580.2477003481,6237982.933484944,634.4433350167894
590573.8000847717,6237744.439564478,517.1114047873563
593777.8606991678,6238128.012689219,159.5226088933313
590571.9402379759,6237759.311864667,515.1631007690884
593774.7079772599,6238152.76227782,152.75410971934855
592576.6511733589,6238011.801129102,629.4505230640942
590570.8942754165,6237767.754643088,514.6454366982837
593773.8887534619,6238159.213113696,150.76847788806506
593767.1631447333,6238214.286399246,142.25763118370614
590563.9172530452,6237824.947557073,516.6282186328277
593764.6735073876,6238234.600116782,140.88883314488075
595097.9045018168,6238398.632769865,129.1630172824155
590560.1349402462,6237857.265038207,516.6523205844727
593763.6061949576,6238243.712648206,140.39318399881827
592564.6427750998,6238111.302081273,611.2552894826542
590557.8818226124,6237875.5929851,510.5280996425537
592562.3558907746,6238130.837327847,611.5022831791105
595092.4293355241,6238441.260424088,130.80609486036016
590554.7723348526,6237899.58142955,488.5055618181584
590552.906186202,6237914.447879638,482.5097462964962
595085.9628459015,6238492.34247602,134.9311016203294
590551.1208312677,6237928.565822111,475.80050733083556
594843.7838349862,6238487.394112835,132.61116944609455
595085.3584809774,6238497.340512117,135.63779417640325
590548.2761537319,6237951.87440019,475.5047195636564
594841.8871245041,6238502.940658471,126.07789610070066
590544.3430695931,6237982.41499239,478.6854684319686
592547.4586995497,6238254.892766988,652.7034102627802
590541.4010633198,6238004.395641697,468.79098762237425
593744.9349337384,6238399.847704235,168.8606147099927
593741.6953063783,6238425.939243453,176.69339089486618
592542.6267403105,6238294.870971939,667.6167884682277
592539.1007663824,6238323.51511478,670.4461046581944
593736.500319422,6238468.141106942,192.52376787959594
592537.8902178978,6238333.285582298,670.5669879998181
593735.4403160166,6238476.68897639,195.38697279290807
592535.2521085229,6238354.936314221,676.0337647391785
593732.3760291014,6238500.78234961,198.97776911437506
590525.4044138382,6238136.209950768,496.68580632099435
593728.923332789,6238528.315128879,206.87965809677624
592530.8093648151,6238391.469449821,680.6652411218485
590524.2608558873,6238146.650875999,498.0675567730884
590521.0440645731,6238175.419040258,506.57827178738575
592525.1318419778,6238438.895443087,686.603984095269
590520.2039986817,6238183.093329593,510.9894561683955
590517.6195594611,6238205.519818708,511.2870543401719
590514.848893207,6238230.842018616,525.7354196956005
590512.1421152737,6238253.39269848,530.1804811908307
590509.0725715575,6238278.2745145,525.297762252251
590507.7212291223,6238289.604825408,526.8765540201681
590502.6713626863,6238332.015234283,541.5359388832591
590500.8635826438,6238346.789907164,544.8968272480827
590497.7481864452,6238371.553891424,537.7601285495545
590494.5260992737,6238397.540159651,533.6653843149173
590492.4063793989,6238415.754156672,535.5918725099255
590491.6538517665,6238422.081157483,535.8182806209425
590489.3883004381,6238440.958513471,536.0616706409958
593044.2681995854,6237752.3089200035,465.28176507314964
592422.3771661364,6238496.571616022,694.4411827345294
595302.1656897342,6238185.295592041,165.86300537636154
592415.5142330943,6238381.851704249,685.5707136144879
595299.5006941289,6238149.832256789,165.8465002241385
592949.3017003107,6236572.475416656,463.2561464115278
592946.0689495092,6236533.214138823,458.5402846013691
592942.5125054084,6236491.4974432355,453.2353365613862
592940.6554867894,6236468.746429632,449.68147660850576
592939.028120805,6236449.553803971,447.3497270192483
592404.5836531718,6238194.457024885,658.3230987457966
592938.2994109876,6236440.302052478,445.9309134802961
592403.8502566442,6238182.5293590315,655.7549920751002
592936.0251082133,6236411.070033443,439.4730156650039
592934.5230262061,6236391.895787989,433.87216822787724
595274.4933597822,6237832.728225469,161.24645802874554
595271.6754680286,6237792.575605321,165.32205343415896
595269.8512157527,6237766.036102209,168.18785110655443
595268.6874468052,6237748.862934138,170.3774061050934
595266.0709517971,6237710.394498793,179.4401294653021
595264.9063634779,6237693.441955694,185.00543707971815
592914.2525489752,6236141.943459098,485.1452275105065
592911.8433049272,6236115.832499348,496.239202367501
592910.4653902677,6236099.437850795,497.6589247496361
592908.7807227646,6236080.247712839,503.6473967821394
592904.1028880813,6236032.824619682,542.4264877560735
592902.2000250777,6236012.306678494,554.6745511337464
592899.7641126566,6235984.754122937,570.0390987983344
592896.8911941254,6235948.836004762,570.7230599242274
592895.5316581939,6235931.32934196,571.8523279799366
592894.6457197552,6235920.946980769,576.875467997368
592893.2584945867,6235905.001329314,587.2074148741272
592891.5936296649,6235884.811619836,594.7547566851559
592889.3952882028,6235860.490326977,613.2321456950343
592888.0377045465,6235845.869501677,621.5252325678405
592885.6882317472,6235817.098383702,622.6741384930131
592884.6061820011,6235804.377070663,621.2482065722617
592881.7523690847,6235770.362165387,613.8074121301499
592880.6956683344,6235758.979096024,618.9077751786743
592879.5400372721,6235746.262466078,622.0595957629124
592877.2361612603,6235721.48651099,630.7744241374203
592875.683142024,6235704.533661177,638.410444642718
592873.2596643745,6235679.093409292,653.4122160624548
592872.3778735369,6235668.498133223,658.6384367888725
592870.3106408525,6235643.842696273,663.7169676060088
592868.9103164381,6235625.565675924,664.7360487655035
595224.2276513673,6237142.9552344745,253.36527167134244
592867.6043931312,6235608.602388086,666.069371549567
595223.5989281074,6237135.139069779,255.23246859597748
592865.219278281,6235576.042220036,663.8338436133691
595221.4004166463,6237106.02747308,261.8695740470022
592864.0861683817,6235562.662830816,669.3294279924769
592861.8157591689,6235532.878337702,672.3366112003971
595218.1891709121,6237064.093100135,271.4752054741706
592860.9309855888,6235522.167967059,673.8758573029896
595216.7026481356,6237044.244144477,276.35085228865705
592859.7279286123,6235506.456081353,675.9141825812972
595216.0738541314,6237036.429131824,277.7484914592048
592858.1473491696,6235487.9243971035,681.0698729830783
595214.3103055698,6237013.010822777,282.2380959541395
592856.209661719,6235465.84702203,692.3177245039841
595213.2143324798,6236998.077728998,285.0995587907545
592854.424979068,6235445.212759634,702.2789541043766
595211.186412801,6236969.626668182,289.30287378451516
592852.2599358062,6235419.5580987,708.2533368569035
595209.767528432,6236949.784220654,292.0111725957911
592849.9858203292,6235395.563841047,727.091338399109
592849.0781554782,6235386.415278429,736.5345317604942
592847.0698089335,6235361.771753155,739.0217487966199
595203.9030987191,6236868.254816387,297.4906796982452
595202.740102429,6236851.197640672,302.4795158610759
592841.4656164289,6235283.255176522,701.9299973475703
592840.1005686668,6235266.415941907,706.8486638924882
595198.9589719032,6236795.446078627,334.6898030105059
592837.9567061003,6235242.328095611,725.9684562325747
595197.0683232789,6236769.349109349,341.54477766537775
592836.478417328,6235224.474089574,732.3575077415964
592835.0334202332,6235202.958204929,724.2848453178717
595194.0809919296,6236725.523022858,367.45091776297164
592829.4068977571,6235125.223615483,705.2766306256091
592828.135381725,6235109.614138636,707.1624590736825
592824.9132318369,6235075.3698993055,724.5999489298138
592823.7822958363,6235061.974419396,725.0805849869707
595173.551363234,6236437.353583896,437.25966171639186
592808.602027986,6234873.374146298,754.0370253029024
592807.348886502,6234856.869012947,754.6582576498674
592806.2019478551,6234841.147785465,753.8070415083671
595167.7259131169,6236365.2957104985,442.5060645227859
592805.2880362452,6234828.988444923,754.9204805178089
592802.8692114713,6234797.5371981785,753.5470075823454
592800.9000460791,6234771.11044389,747.9802372093621
592800.6050664914,6234767.54024402,747.8484075355186
592798.7482446453,6234744.891225415,747.2032988391006
595159.4399089601,6236256.218405746,456.3308319924457
595158.226150828,6236238.263681228,461.88463232395617
595150.692599972,6236134.212486817,469.80431395560703
595149.4890609831,6236115.936618848,481.3214001169459
592782.9473621137,6234553.493546712,782.8901660366038
595148.3655562163,6236099.771194849,488.4115707645776
595146.1326658217,6236069.543266583,494.9943794360563
592774.8227305214,6234450.994351815,793.7802773584295
592768.9614894178,6234375.271267211,776.8120266945831
592767.7004923522,6234359.091199515,770.1810861764548
592765.6376299751,6234331.654677792,754.993898348403
592750.2924676961,6234133.362956134,770.977809440407
592748.7598839041,6234112.734931806,765.5246361052934
592747.347092789,6234094.895062129,762.0462805329847
592746.4157749163,6234083.507141681,759.9750999768237
592743.3630584225,6234050.048749801,775.9831508271456
592734.8744335397,6233935.622031821,766.1635217762116
592733.3215454484,6233912.775078994,764.05837926216
592732.4704892418,6233900.603906328,762.7889410132582
592729.4482895336,6233854.339613808,748.9179253863156
592729.2589715617,6233851.552596563,749.2989663592625
592727.5023635445,6233829.8008378055,754.9027471144464
592724.5671213174,6233793.330947762,755.9917881819026
592724.2272379916,6233789.099384561,755.5442293494517
592722.1343161623,6233765.441767833,765.3284514718364
592720.3111287632,6233743.692139214,766.263216579439
592719.3748653386,6233732.539927708,767.9441594758606
592717.1655597156,6233708.772999703,779.9050472062318
592715.3482406399,6233687.02013955,787.7466166723952
592713.4167412012,6233664.496184573,796.1503048055166
592712.3857699418,6233651.889044302,800.4627595676948
592710.8780799885,6233632.701331775,802.5524601672028
592709.1253818325,6233610.7326568365,805.4515700030557
592700.3845629061,6233487.959326726,740.3878995773085
592636.4163640175,6232497.541023627,65.85860798080584
592634.8768548107,6232477.133750688,63.30415091084217
592633.3603187287,6232458.172701901,63.06703967289308
594987.0489152978,6233988.6883699065,535.2745550962728
592633.0168312736,6232453.934171626,62.86521102462079
592630.8922862128,6232425.938208398,62.14164278323823
594954.1150041227,6233570.985996019,469.97636993829195
594953.1135706911,6233557.490112105,465.0554700119492
594894.3952917547,6232789.610228608,429.4032837657232
594893.5610899153,6232779.568857271,427.02377808910427
594891.452951794,6232751.903879491,424.74262809515534
594889.6136783194,6232728.589722219,423.87453688970066
594888.8884486705,6232719.448513694,424.1547751624384
595769.8169517443,6233009.556943128,602.3113133415425
595768.2265273003,6233022.320044128,596.6394808759338
595515.3490673043,6233021.777848016,694.5240488719513
595512.8369428291,6233042.212602811,683.8163917895638
595762.6549599617,6233066.396028329,574.0584911203568
595510.4948245028,6233061.199935307,672.6117407291501
595759.6470953447,6233089.938086403,564.8506057923069
595507.9913906986,6233081.517373032,661.3212746411328
595757.3712428708,6233108.480122374,556.3268568132801
595505.7242058533,6233099.727602521,652.6705575215258
595755.9301072905,6233119.9211459225,551.5416548844548
595502.9878841945,6233122.161375774,646.084490067891
595752.9672137559,6233144.228557967,539.8020596554162
595501.0955879616,6233137.482788356,644.9889654638298
595750.8291958508,6233162.11133376,531.9861156956158
595498.9843195765,6233154.243228116,646.2479849378118
595742.7424672574,6233229.732937524,503.6329726100326
595740.2959204947,6233250.279177634,497.06315069343265
595489.7339443302,6233229.537928045,637.9950448519786
595739.0693436668,6233260.946882879,494.47069324453366
592462.0272427171,6233482.565565392,616.3035200191648
592455.8508152071,6233532.752926631,626.9233870187456
592455.0978254781,6233538.974338074,629.6211172341185
594308.0575208662,6233781.906278076,387.803617133058
592452.9788612772,6233556.524128728,634.8769550454592
594305.6209186915,6233802.453535295,384.2913940877351
592450.2646467393,6233578.843173669,643.1662603284943
594303.2732154706,6233821.777498804,383.3785536138717
594300.9090673997,6233841.7670597285,382.6219851865597
594298.555957719,6233861.200163948,380.6378848741819
594298.1681118964,6233864.750220329,381.530590906275
594295.9567633986,6233883.29645618,383.83420829762787
592570.1863533377,6233690.004551174,708.8628185466791
594293.2236995469,6233906.068784937,384.6040590122757
592569.5133121231,6233695.665055353,708.9657443268311
594289.1251558859,6233940.271077855,382.5723250200449
592567.0712236422,6233716.650184023,713.0990468620371
594288.1334115101,6233948.710137025,381.7515469425585
594286.2987782753,6233964.029231198,382.95863663325935
594281.9766022111,6233999.788059691,381.23056549875207
594281.5927509377,6234003.236686039,381.3732894212584
594279.0093053519,6234024.886455058,381.5851238299753
594276.2864528287,6234047.093976375,381.66269294059623
594272.1836653779,6234081.294627225,382.31504133082524
592550.0466959032,6233869.817371964,699.1111528660414
591069.4338468919,6233701.037696592,748.0545625205853
592549.741550908,6233872.603549337,699.1926186831793
591068.1475880047,6233711.594765776,750.5164071307056
592547.3481651868,6233894.487451271,701.427254849455
591065.6665672576,6233732.020735592,757.4531900519163
592542.013917402,6233940.4606569875,716.370359628388
591054.4309892994,6233822.745536436,798.3720206040488
591051.1495444556,6233848.724513061,798.9749296657945
592396.0393652502,6234024.5927467765,753.1287427241326
591051.0697042347,6233849.511529941,799.1212029574388
592394.7588335595,6234035.130671418,753.691223885492
591047.8553474057,6233875.4890399575,796.5026104718269
591041.269440645,6233931.246522516,798.3318967142218
593043.4070921943,6234196.078217251,732.8639445795022
592383.5828800679,6234124.529873861,761.5193126292265
591033.6849623492,6233987.639796936,713.4213507392415
592510.8995554036,6234211.563293442,746.4392701831418
592368.1573046953,6234247.214922882,778.7295756055036
592123.1119609135,6234223.557877889,830.9690856231093
592367.1907029982,6234255.000214045,780.5596366479404
592116.5558073075,6234277.299285106,836.1087396712718
592499.5545883983,6234308.9686200805,771.3109151579094
592115.2686385299,6234287.850738372,840.0783010720636
592497.2648636822,6234328.73360328,776.155417444951
592494.608880624,6234351.271563872,777.0001652681158
592110.6487291087,6234327.16301374,869.3006493356179
592106.9736502512,6234356.706331223,870.2348503266089
592490.1533884123,6234390.922930284,792.7801910202606
592106.1351055368,6234363.699097603,871.0330110042968
592350.5468235072,6234391.022532853,829.2637966450746
592488.0215602864,6234409.36858183,795.9952815062383
592103.6530181555,6234384.0130571695,874.5336056311098
592485.4997171183,6234431.353841128,802.2271132469211
592101.0919176219,6234405.127044609,880.0842563699956
592345.7508346721,6234432.118187501,849.5580752894339
592482.6657929644,6234456.11992318,812.4410566258696
592098.2978081949,6234428.324105384,882.1824892841208
592096.5677237599,6234442.324731712,884.5137960303439
592473.9488528972,6234529.525492406,840.3691781763018
594189.2782359077,6234758.986488549,423.7744696873437
594184.95533612,6234794.845182302,427.8533704250769
592080.4221379171,6234570.121244789,826.643009085675
592078.9798195713,6234582.123631028,830.0979521078392
592074.3878276735,6234619.763459552,823.5279010689372
592074.0204219966,6234622.53767032,822.5343202083305
592457.3285330377,6234669.903548995,861.0048460290844
592968.5614040173,6234806.269073639,683.2648235394914
592062.203879399,6234719.154572803,790.4536162413723
592059.7975535133,6234738.8045933135,787.220062715557
592057.32615191,6234758.568882005,783.5965700119583
592041.4795866243,6234878.362755199,734.8645419961883
592943.9216094255,6235007.142288387,681.6186194894817
594133.5378290857,6235212.3506042715,379.52667109968644
595228.1375806862,6235349.42239417,681.406397682417
594132.3414611106,6235221.568715311,379.1582623007852
595225.2768532977,6235371.966005364,687.8993858246255
594128.4089833925,6235253.665756227,378.8076699336303
595222.6318251435,6235393.06187825,688.9289155489801
594126.2020992214,6235272.205162512,377.45156793324253
595220.4422569267,6235410.721396609,690.2290054746701
594123.7152656344,6235292.07918588,373.0228338792133
592019.6643324543,6235056.588872469,702.9851004310025
592263.6169554096,6235085.907010498,758.0772708994873
594121.1398204709,6235313.514280251,369.8107632828487
592017.2638913516,6235075.574564165,701.3033582785279
595213.6141849915,6235466.683629817,678.7949043716458
592262.9349021002,6235091.572616334,757.3360065658144
594118.7970819521,6235332.721882244,368.07854514445216
592403.2621367644,6235117.321024293,757.6260338533646
592014.800138775,6235095.12202356,701.0734072898116
592259.0998733777,6235122.555745336,745.8360115340419
594116.2962465842,6235353.265494129,366.0406683144819
592014.0417397398,6235101.34423356,702.1961060012025
592256.859406208,6235140.206596731,735.5235759271035
594114.4814154162,6235368.149315648,364.9444302696966
592399.7984494955,6235145.639762594,737.5691219052562
592012.0250128608,6235117.443475548,705.2872246335955
595206.3817501673,6235526.974869053,671.7267304591842
594111.663988379,6235391.583134598,364.7230982720705
592395.426272293,6235181.7265093,720.2097812239691
592008.2100230911,6235147.643035231,704.1493575628291
592251.1236159323,6235184.729006921,722.008434190308
594111.063287602,6235396.467670891,364.7097075145564
592394.3514518811,6235190.942430866,719.2552214657504
592249.7780101337,6235195.398697986,720.2228286272789
594106.7559180072,6235431.775643165,363.89281386589664
592392.8378453413,6235203.719168901,720.2924841721388
592247.4150028777,6235213.044267347,719.8704279571207
594106.3806529025,6235434.55150518,363.9327284213455
592389.4972779567,6235232.044388265,713.2343357196811
592243.6543800358,6235240.675249316,704.1902579340747
592385.8725101675,6235261.914923585,696.4926014994097
595429.3468532783,6235753.083814405,663.2337924479195
595426.6464509409,6235773.842762472,656.1308010813732
595425.8240573909,6235780.277625277,655.3429106150741
595421.5570893815,6235813.141429358,655.6306848006449
591975.4767152551,6235412.707955448,659.7236899699795
595420.3462904484,6235823.14319866,650.5539117925046
595416.8001927062,6235851.338677447,637.5924369363307
595416.2692376716,6235855.551610962,637.6440519374347
594058.674670617,6235830.203546235,363.5715752975516
594050.679468181,6235895.164905055,363.5529583920849
595130.0560002946,6236145.5617893785,468.46917111713407
595125.7324424786,6236180.758088531,466.8519669037983
595118.1480638603,6236243.386142892,451.1073401150084
595115.7859188757,6236263.047048466,446.8979252682469
595111.0457075939,6236303.3598110685,440.49879559670103
594019.3012056701,6236151.779934914,378.266571065383
595108.6852921002,6236323.123093696,438.0731369493886
595107.0054363613,6236337.223900483,436.4697628028051
595353.3558502035,6236360.873073952,451.74191154408646
595104.801693655,6236355.53881788,436.81777299627083
595350.9886723863,6236380.749857741,452.6194829500062
595101.6717342633,6236381.751485207,434.79885257800265
595349.4025354295,6236393.6309920745,452.7942479544067
595099.5683950746,6236398.7391395,431.24903983777
595344.9320367315,6236430.043682569,450.60420584778234
595344.5563962482,6236432.818850877,450.6689651612131
594002.9328215171,6236287.263663902,392.3978052559811
595329.9388765778,6236548.96291108,429.2124112821
593341.0954859242,6236339.753358843,327.0252388853577
593983.7027804548,6236445.7205462,396.3397332694709
593339.4300556226,6236353.751820624,325.3708257859787
593983.0209160676,6236451.373841904,396.077025377203
593979.1608749074,6236483.138709097,399.93588298694266
593976.724874716,6236503.688681188,394.44748992376446
593976.119797067,6236508.686465623,394.7320165467834
593965.0730161002,6236602.183682214,386.3785144339383
593962.4286062793,6236624.06048828,385.4485885330746
593959.7921432478,6236645.378875373,384.45892674078533
593958.9475858645,6236652.495402468,383.2408020095456
593954.9678041595,6236684.2488602195,383.22251521494405
593952.545785426,6236704.012817447,382.07191163905975
593950.0688249733,6236723.670014222,380.8114978914412
595245.0966501264,6237221.245485829,232.50504556197885
590566.8424232804,6237800.968993377,515.2328978864828
590565.7332595967,6237809.401008926,514.685510952659
592521.8716070346,6238466.656344916,684.7494315428396
592521.1904290412,6238472.320669756,684.9260191958623
592420.0811790078,6238459.55327625,694.8323567235444
592413.8250735562,6238354.082985139,678.7028993807356
592413.7239811283,6238352.635628034,678.8500482804941
592410.7367429067,6238302.141515415,666.9114458842582
592409.1929300555,6238275.940236399,662.7026216141171
592408.8043834416,6238268.1407914525,662.6856147806376
592407.6844034533,6238248.291672811,662.8990120828284
592833.5425012455,6235179.984860756,709.1517528252656
592820.7706742147,6235026.275736243,725.5856922331728
592819.2837481187,6235009.436374987,729.6496273037476
592811.3099745171,6234911.293133251,756.4325394308266
592811.064521572,6234908.385555508,756.7845888068388
595167.0041866244,6236356.041527365,443.9748296005126
595165.2220211978,6236333.283798282,444.97176403519296
595164.1951938433,6236320.57033795,446.0410313632273
595162.6184506897,6236299.830635211,448.43493916451456
595161.0490023247,6236278.421512451,453.18820164097116
592796.9206239992,6234720.698990712,741.6246466063893
595156.8682450041,6236218.865383443,463.35001001144695
595155.4383711596,6236199.571041269,463.9512660593196
595154.0191653869,6236179.604169439,465.7355368262934
595152.4990089888,6236158.976699444,467.17800257822955
595145.0161063947,6236055.479373991,494.96882347961633
592776.5487295596,6234471.63275031,790.7748776894492
592776.2976765807,6234468.723487494,790.538855399618
592771.9822688429,6234413.297133706,785.4160672983853
592770.665666886,6234397.122839496,785.539884179929
592765.0506997826,6234324.62950353,754.5214484170252
592763.5625104876,6234307.235817273,760.1368074661467
592753.2781678472,6234173.068012149,771.770145748921
592753.092450035,6234170.166315782,771.9030022236915
592740.4983863533,6234013.568563184,770.2589945199488
592739.9150321095,6234005.761667253,768.5654755739996
592736.0286274663,6233953.462791889,768.9515227394182
592730.7612085529,6233873.520402957,753.4343362892038
592706.3025892241,6233575.265684738,809.0246429369481
592705.4484073074,6233563.1116380105,801.6338429946284
593083.7325426149,6233876.410034448,917.5429473828008
593082.8990916521,6233883.518743527,917.0120994118588
593078.9813897158,6233915.494102894,918.094312383556
593076.4226262788,6233936.155523058,915.6584602441776
593075.1317091833,6233946.806546,914.9900367077139
593071.6810262741,6233974.575123868,913.6114578196516
593071.3655514221,6233977.349506562,913.9171240577756
593068.5038349151,6234000.776584089,916.2676284074155
593064.5831052118,6234032.536020169,918.5291422030526
593061.7972136973,6234055.070655264,916.6423012304949
593059.3099622609,6234075.4014444165,913.1781140138631
593058.9267727025,6234078.846391099,912.7939911773872
593055.3843736616,6234107.606401942,909.9460287504583
593040.8622729521,6234216.623384993,720.2356764435008
592119.5565681427,6234253.20594365,837.3313000816756
592112.3077217656,6234313.1702402495,862.0920805278932
592336.8943093752,6234506.2927374225,855.8737937966584
592089.3788354123,6234499.618889263,861.4482104338279
592086.6871942924,6234520.930897884,852.9974065533883
592084.3812511077,6234538.707375907,841.8158514022609
592467.058385616,6234587.160255929,849.542784932592
592326.9033234426,6234589.692981044,873.6875657243235
592464.5515641887,6234608.263269704,851.8065635018651
592323.5152840263,6234617.239656757,878.7277880712913
592316.4443240357,6234671.860147264,889.6494877238925
592313.5411017227,6234694.52034795,897.8306957668325
592309.6004171737,6234724.832513977,896.107820069069
592449.6877500184,6234736.655795656,876.6070531160582
592309.0770542927,6234729.044657447,896.6164956194889
592445.6341179735,6234771.975136865,888.0733745333106
592441.3501107709,6234809.507742493,900.3183142908517
592296.8588340825,6234826.749986864,876.7804631415198
592438.011010296,6234837.822576429,902.9462889606394
592294.4523216055,6234846.416595692,871.611611465496
592435.0730014035,6234861.925687652,895.9230936655747
592293.0281617669,6234857.625723429,866.4568161025875
592432.5156472761,6234882.362668322,884.5725477378753
592430.5773767841,6234897.901834489,876.3601042672606
592288.7494523377,6234891.945888628,855.3402922167173
592427.5915264393,6234921.109151739,858.9546737706737
592284.4476499656,6234924.917706706,842.3946944166511
592424.6741467364,6234944.313953289,845.1240505025826
592283.0413371662,6234935.456895047,837.4716061416362
592422.78738527,6234959.751586874,843.1261662379198
592815.7652745651,6234968.724139638,742.1815926853781
592785.1867744387,6234581.601999923,778.6041251927298
592781.2593622778,6234531.401806289,782.7899429369102
592780.5914076463,6234522.147719209,780.594622277982
592779.4596778154,6234508.653401741,785.0274211730281
592760.9804620796,6234277.8858891325,772.9347255377891
592754.6778650446,6234194.253495188,781.0225349632713
591041.7856167129,6233927.026373592,800.3066033392068
593036.204567507,6234253.708621719,699.2988004781326
592127.6994624144,6234186.022829709,827.0556293502382
592123.7145734685,6234218.560419982,829.3750636581034
592352.9519968277,6234371.263870115,825.7156199161694
592340.753442883,6234473.757951747,855.413733227934
592092.7168601172,6234474.080592045,887.3467312227197
592335.2349876915,6234519.74370371,850.8520775149824
592471.4419490028,6234550.62699645,843.1269267430822
592469.3220214609,6234568.173461241,846.4985105849198
592081.6919485455,6234560.127981887,829.2755801596387
592462.3510451806,6234627.145212422,854.8858498872585
592459.5413750618,6234650.9129850445,858.5394613524779
592070.6246194853,6234650.857108224,819.7818656229058
592454.9572380319,6234690.897718013,865.6287313900048
592067.3813426045,6234677.617474148,807.910832386507
592452.2792888277,6234714.112267416,869.461763509515
592064.9033393885,6234697.384475808,797.8747020908972
592448.1602807416,6234749.975454661,881.5377736536452
592304.5946981185,6234764.244030871,893.2431991073473
592302.5754573657,6234780.449838764,888.1797540037622
592443.5634070605,6234790.414276642,895.8647808118903
592054.7163408416,6234778.884278573,778.7849884028935
592051.984328418,6234799.30880302,771.1686618671686
592049.9111025027,6234814.856391834,763.946908947792
592046.9513788639,6234837.399904126,755.4525077169953
592044.5835397501,6234855.044572614,747.0897175005616
592950.7529058257,6234952.399990233,686.2985099310811
592941.527679914,6235026.129175794,677.0733707443867
592940.9111625582,6235031.119789588,675.2326161718556
592279.2627167224,6234964.326115632,824.0284691367088
592278.5159736357,6234969.878725352,819.9339857497602
592274.5190911744,6235000.076415955,801.0419901503428
592273.7003507039,6235006.407347883,798.5070065870435
592411.2377012875,6235052.360610701,796.6189968998294
592409.1366233029,6235069.234986156,785.9731714533266
592405.6710947092,6235097.557134629,767.5130970092353
592254.0329395577,6235162.074342037,726.6301792527704
592831.3465659651,6235149.99063193,703.1379527316221
592830.6796138312,6235140.73997862,702.3346132315586
592817.3014471149,6234986.347848924,734.2385715343793
592814.0089053684,6234946.856741632,751.6586657564233
592795.0543423139,6234698.047204496,742.605067688026
592794.2654661245,6234688.903503449,745.8183604422313
592791.6145666457,6234656.665793534,751.6669679915528
592790.7735741304,6234646.8533737175,755.0619390655866
592789.2048717265,6234630.787882716,771.0929359461725
592786.4932341006,6234595.649232022,769.4385966098346
592759.7480644903,6234263.170082812,775.5371054518325
592758.4365735527,6234246.443135038,780.1803645669795
592757.1729288942,6234230.267828995,786.8852307718469
592744.7496679667,6234065.776468644,772.0083664269686
592738.2850612357,6233984.241083741,767.3885096243035